745725001315909632
745029637521801282
745716845184548898
744935551966117961
735035158411870262
745805841205035040
746057105367105554
745786711415455768
745790533936349184
745805841205035040
745090574528282641
740201355546722309
739512378380517379
739509432029806615
746057105367105554
746051311458320390
746053291445583913
746066829187743923
746067967348834357
746068212161970245
746068495631908935
746071283056246825
745881209290097157
745881217878983048
745881415444332979
745881488451436738
745688322307784737
744331932983099475
743126438739181636
743128448780730377
746441547904450616
745801344374276112
746259930917371943
743228401258594357
746479188982104178
745803165438312502
746259930917371943
745878649474908227
745881290888184181
745373170479923233
745665099417518133
745384947281297412
745382138380025857
739758419872841748
744324807632355363
743190983508754485
740108296502902791
741799268078059585
743223127043997714
745881230752350552
745812244998127736
744314701570113544
744933980021719040
739749679614394386
744949781192769667
743492215335026711
745445167030337592
745791684978147383
743174976152010786
745814512736665683
740237682380111936
744223944604647497
742101616581148723
740962024326955011
745053826778660917
744674009933676563
742031316569030663
743190927676276834
745789696417726513
744749133218185283
742504725033779205
745828462794637415
743459942947618821
745424894781554742
745852312735449174
743469890096070723
745695726817771542
